Variables Global mean SH Polar (90S-60S)   SH Mid-lat (60S-30S) Tropical (30S-30N)   NH Mid-lat (30N-60N) NH Polar (60N-90N)  
TTAEF                        -1.6382            -0.1690            -1.0242            -1.5716            -2.7537            -2.1254
SWAEF                        -2.4280            -0.1852            -1.2504            -2.4893            -4.0640            -2.8333
LWAEF                         0.7899             0.0162             0.2262             0.9178             1.3103             0.7079
TTACI                        -1.7657            -0.1234            -1.1216            -1.7829            -3.2092            -1.0740
SWACI                        -2.3732            -0.2336            -1.3408            -2.4202            -4.0927            -2.2048
LWACI                         0.6074             0.1103             0.2192             0.6372             0.8835             1.1308
TTARI                         0.0374             0.0891             0.1019            -0.0413             0.1284             0.1612
SWARI                        -0.0025             0.0863             0.0885            -0.0933             0.0710             0.1478
LWARI                         0.0399             0.0028             0.0134             0.0520             0.0574             0.0135
TTCARI                       -0.5359             0.0563            -0.2169            -0.6913            -0.7860            -0.1550
SWCARI                       -0.5920             0.0521            -0.2379            -0.7600            -0.8739            -0.1797
LWCARI                        0.0561             0.0042             0.0210             0.0687             0.0878             0.0247
TTRES                         0.0902            -0.1347            -0.0045             0.2527             0.3271            -1.2127
SWRES                        -0.0524            -0.0379             0.0018             0.0241            -0.0423            -0.7763
LWRES                         0.1425            -0.0969            -0.0063             0.2286             0.3694            -0.4364
TTAEFs                       -3.0852            -0.1120            -1.4297            -3.8366            -4.4435            -1.2417
SWAEFs                       -3.8101            -0.2802            -1.6469            -4.5051            -5.5923            -3.1052
LWAEFs                        0.7249             0.1681             0.2172             0.6685             1.1488             1.8636
TTACIs                       -1.8248            -0.0106            -1.1921            -2.2356            -3.1475             1.2236
SWACIs                       -2.2899            -0.2031            -1.2719            -2.3324            -3.9483            -2.2280
LWACIs                        0.4651             0.1925             0.0798             0.0968             0.8008             3.4515
TTARIs                       -1.3563            -0.0233            -0.3347            -2.0192            -1.5020            -0.1556
SWARIs                       -1.4094            -0.0247            -0.3427            -2.0909            -1.5836            -0.1705
LWARIs                        0.0531             0.0014             0.0080             0.0717             0.0816             0.0150
TTCARIs                      -1.8868            -0.0481            -0.5921            -2.6175            -2.4058            -0.4282
SWCARIs                      -1.9819            -0.0526            -0.6175            -2.7245            -2.5822            -0.4975
LWCARIs                       0.0951             0.0045             0.0253             0.1069             0.1764             0.0693
TTRESs                        0.0959            -0.0781             0.0971             0.4182             0.2060            -2.3097
SWRESs                       -0.1109            -0.0523            -0.0323            -0.0818            -0.0603            -0.7067
LWRESs                        0.2067            -0.0257             0.1294             0.5000             0.2663            -1.6029
